organism 0
seed 2062333109
hunger_setpoint 0.652756
boredom_rate 0.0467282
pain_fade_s 10
explore 0.175289
explore_tau_s 1.14927
learn_rate 0.0705463
value_rate 0.05
model_rate 0.02
horizon_s 17.2947
trace_s 2.41119
brain_gain 1.48578
energy_buffer_s 30
n_out 5
features 39
innate -0.1944 -0.1006 0.31416 0.009161 0.22209 -0.22091 0.53312 0.36145 0.24622 0.52563 -0.052388 0.048724 -0.098535 0.27322 0.24116 0.0466 -0.33394 -0.1687 0.11013 -0.1315 -0.19526 0.07426 -0.21696 -0.48635 -0.040464 -0.37972 0.015526 -0.46735 -0.26929 0.16512 0.74552 -0.020968 0.084706 0.20996 -0.053984 0.3402 -0.2755 -0.037125 0.033154 0.085843 0.3858 0.28823 -0.19858 -0.027877 0.063786 -0.25349 -0.18733 0.34247 -0.26264 0.15764 -0.49572 -0.043331 0.072806 -0.57969 -0.078284 -0.011034 0.62904 -0.37588 0.21517 0.24224 -0.26277 0.35418 -0.3822 -0.28176 -0.0035729 0.54596 -0.008973 0.54871 -0.021079 0.10713 -0.2593 -0.026508 -0.10045 -0.031923 -0.43234 -0.23757 0.018034 0.29194 0.0026386 -0.10401 0.11417 -0.24054 0.15002 0.25748 -0.040353 -0.21238 0.071224 -0.39991 -0.20022 0.28645 -0.3166 -0.064812 0.087329 0.21483 0.02624 -0.69065 0.16206 -0.021376 0.25954 0.48643 0.068195 0.44251 -0.0061089 0.35636 -0.20619 -0.5043 0.03639 -0.10934 -0.51309 0.028444 0.32045 0.0017374 -6.519e-05 0.057806 -0.88524 0.068939 0.22419 0.10143 -0.038829 0.44614 0.25896 0.10486 0.076783 -0.0034771 -0.55175 0.61384 -0.24413 -0.042854 -0.043685 -0.37964 0.37018 -0.52655 0.033968 -0.29892 0.16198 0.76758 0.93779 0.010697 0.32644 -0.19465 0.62472 0.14939 -0.038768 -0.3252 0.42737 -0.45399 -0.17272 0.037186 -0.1658 0.0060279 0.048569 0.075757 -0.045579 -0.27741 0.20877 0.010744 -1.1803 0.0094062 -0.38329 -0.03471 0.06368 0.030968 0.24738 0.1914 0.050832 0.3661 0.22849 0.093608 0.22927 0.18791 0.016828 -0.094267 -0.22062 -0.17815 0.19755 -0.0032979 0.2826 -0.2272 -0.34627 0.1485 0.94802 0.84995 0.052888 0.21155 -0.028106 -0.10066 0.31838 -0.09792 0.14341 0.0019931 -0.12876 0.013799 -0.093538 -0.43128 -0.050766
